#! FIELDS time rct DeltaF_300 DeltaF_600
#! SET print_stride  100
                    100                      0  8.653975976238964e-18       10.6743869128792
                    200    -0.5394952477277775  8.653975976238964e-18      4.263710010419007
                    300    -0.1013646879165864  8.653975976238964e-18      4.954667841749965
                    400     0.2076880061786623  8.653975976238964e-18      5.556202573087713
                    500    -0.1218387065382226  8.653975976238964e-18      4.940366850048989
                    600    -0.1871757769957289  8.653975976238964e-18      4.706512065805805
                    700    -0.2759595833816421  8.653975976238964e-18      4.461251390442725
                    800    -0.3758430794340218  8.653975976238964e-18      4.158033728882083
                    900     -0.549718824778302  8.653975976238964e-18       3.67749646692122
                   1000    -0.5876652295089828  8.653975976238964e-18      3.450238476507574
                   1100    -0.5265688493928232  8.653975976238964e-18      3.433875815697298
                   1200    -0.4089278794394937  8.653975976238964e-18      3.577456756668938
                   1300    -0.2490601496038424  8.653975976238964e-18       3.83792681053848
                   1400    -0.2037069270303154  8.653975976238964e-18      3.893369815541405
                   1500    -0.1573323570637699  8.653975976238964e-18      3.958263373101014
                   1600    -0.1774624182676957  8.653975976238964e-18      3.895367004126841
                   1700    -0.2396145446194737  8.653975976238964e-18      3.742774838646727
                   1800    -0.2373455001790032  8.653975976238964e-18      3.717423510556964
                   1900    -0.2174355062704705  8.653975976238964e-18      3.731886673891706
                   2000    -0.1614558410761169  8.653975976238964e-18      3.822883159804015
                   2100    -0.1370566273247013  8.653975976238964e-18      3.856227463444386
                   2200    -0.1105903514498577  8.653975976238964e-18      3.896023603126983
                   2300   -0.08283735907632525  8.653975976238964e-18      3.941961873774147
                   2400   -0.08028618507721347  8.653975976238964e-18      3.939898928658438
                   2500    -0.1093187761797543  8.653975976238964e-18      3.873821202272658
                   2600    -0.1641617230158092  8.653975976238964e-18      3.752827060727175
                   2700    -0.2101212383490483  8.653975976238964e-18      3.645574037722339
                   2800    -0.2484937033015206  8.653975976238964e-18      3.551046571492924
                   2900    -0.2962612665609234  8.653975976238964e-18      3.434522925273229
                   3000    -0.3209367630611763  8.653975976238964e-18      3.361617498938454
                   3100    -0.3290382225263613  8.653975976238964e-18      3.322583391726809
                   3200    -0.3553374547851334  8.653975976238964e-18      3.245857947123664
                   3300    -0.3683685720212382  8.653975976238964e-18      3.194761484263601
                   3400    -0.3606554897944058  8.653975976238964e-18      3.185874730247008
                   3500     -0.359483737747838  8.653975976238964e-18      3.165307958763136
                   3600    -0.3404526149908186  8.653975976238964e-18       3.18155886964707
                   3700    -0.3149858124982298  8.653975976238964e-18      3.212167934841983
                   3800    -0.3230621544358456  8.653975976238964e-18      3.177614981966656
                   3900     -0.316421251142151  8.653975976238964e-18      3.172910722513159
                   4000    -0.3308586832663791  8.653975976238964e-18      3.126383986638769
                   4100      -0.33564975290334  8.653975976238964e-18       3.09843752707258
                   4200    -0.3468953781073874  8.653975976238964e-18      3.058085940353769
                   4300    -0.3721352252573624  8.653975976238964e-18       2.98883996685495
                   4400     -0.384970365346232  8.653975976238964e-18      2.943920506149075
                   4500    -0.3915988259682274  8.653975976238964e-18      2.911573234883878
                   4600    -0.3939982012993103  8.653975976238964e-18      2.887714513149685
                   4700    -0.4005896503196096  8.653975976238964e-18      2.855534885158818
                   4800    -0.3895005109926525  8.653975976238964e-18      2.859372185792516
                   4900    -0.3967119450969435  8.653975976238964e-18      2.827066038234923
                   5000     -0.394775526443661  8.653975976238964e-18      2.813397999493858
                   5100    -0.3728370947197733  8.653975976238964e-18      2.840667619058292
                   5200    -0.3874793902040712  8.653975976238964e-18      2.795167447293369
                   5300    -0.3978500891032807  8.653975976238964e-18      2.758045204574336
                   5400    -0.4204248279025434  8.653975976238964e-18      2.695944579162686
                   5500     -0.416922940193545  8.653975976238964e-18      2.685984137572243
                   5600    -0.4249744605605449  8.653975976238964e-18      2.653252195598378
                   5700    -0.4113926903154871  8.653975976238964e-18      2.664077561213383
                   5800    -0.3944156075033097  8.653975976238964e-18      2.682458492700097
                   5900    -0.3626643462191835  8.653975976238964e-18      2.731745920654967
                   6000    -0.3607238881405082  8.653975976238964e-18       2.72236036217646
                   6100     -0.353759899929679  8.653975976238964e-18      2.723436570177007
                   6200    -0.3525944314423636  8.653975976238964e-18      2.713125379385734
                   6300    -0.3548361467863467  8.653975976238964e-18      2.696367770836039
                   6400    -0.3550704338909961  8.653975976238964e-18      2.683628862713563
                   6500    -0.3475741495401577  8.653975976238964e-18      2.686783803552275
                   6600    -0.3507799581444848  8.653975976238964e-18      2.668899851849768
                   6700    -0.3499449984878014  8.653975976238964e-18      2.659159316755742
                   6800    -0.3584288397077857  8.653975976238964e-18      2.630684015652513
                   6900    -0.3711272181916849  8.653975976238964e-18      2.593737004555754
                   7000     -0.367202900786594  8.653975976238964e-18      2.589901585134514
                   7100    -0.3468749400624542  8.653975976238964e-18      2.619397299478681
                   7200    -0.3299320553507325  8.653975976238964e-18      2.642978062895545
                   7300    -0.3041052326082379  8.653975976238964e-18      2.685183308874338
                   7400    -0.2947966901004939  8.653975976238964e-18      2.695033910088712
                   7500    -0.2827331659402297  8.653975976238964e-18      2.710869473352815
                   7600    -0.2831941149302002  8.653975976238964e-18      2.701846757568963
                   7700     -0.282522684980806  8.653975976238964e-18      2.695294655603674
                   7800    -0.2854229934571839  8.653975976238964e-18      2.681660197798192
                   7900    -0.2931437113698138  8.653975976238964e-18      2.658268027558921
                   8000    -0.2970786028593568  8.653975976238964e-18       2.64241512858842
                   8100    -0.3039597267169385  8.653975976238964e-18      2.620641259677283
                   8200    -0.3111257393534836  8.653975976238964e-18      2.598153475040109
                   8300    -0.3135899326736292  8.653975976238964e-18      2.584998984680853
                   8400    -0.3203638486400394  8.653975976238964e-18      2.563279232061865
                   8500    -0.3258491349491704  8.653975976238964e-18      2.544066704140445
                   8600    -0.3389748192228121  8.653975976238964e-18      2.509373854564232
                   8700    -0.3286554030695866  8.653975976238964e-18        2.5216644411422
                   8800    -0.3146780032516457  8.653975976238964e-18      2.541640203746119
                   8900    -0.3004081567016866  8.653975976238964e-18      2.562675230321786
                   9000    -0.2949223643111047  8.653975976238964e-18      2.566505560997094
                   9100    -0.3001279761222573  8.653975976238964e-18      2.549036361867371
                   9200    -0.3003733492253942  8.653975976238964e-18      2.541462991809284
                   9300    -0.2917102397568234  8.653975976238964e-18      2.551958933613719
                   9400    -0.2973827495326949  8.653975976238964e-18      2.533843542459793
                   9500    -0.2955696824428651  8.653975976238964e-18        2.5307346633778
                   9600    -0.2856702728610646  8.653975976238964e-18      2.544021587127048
                   9700    -0.2881026170538017  8.653975976238964e-18      2.532852808912949
                   9800    -0.2900117576686985  8.653975976238964e-18      2.522640939595198
                   9900    -0.2905814315531708  8.653975976238964e-18      2.515175763380554
                  10000    -0.2887016607953616  8.653975976238964e-18      2.512706067487014
                  10100    -0.2869878726724984  8.653975976238964e-18      2.509975025674095
                  10200    -0.2908141996017621  8.653975976238964e-18      2.496250353081859
                  10300    -0.2950246774542289  8.653975976238964e-18      2.481657501782965
                  10400    -0.2808129506417071  8.653975976238964e-18      2.504146466837538
                  10500    -0.2728513367494892  8.653975976238964e-18      2.514416986681309
                  10600    -0.2614862757985812  8.653975976238964e-18      2.531722652711294
                  10700    -0.2578083626935483  8.653975976238964e-18      2.533887447030849
                  10800    -0.2507506817954945  8.653975976238964e-18      2.543019946898724
                  10900    -0.2525825270768316  8.653975976238964e-18      2.534433310440965
                  11000    -0.2574899211475412  8.653975976238964e-18      2.519669563119564
                  11100    -0.2596740857768862  8.653975976238964e-18       2.51033969852259
                  11200    -0.2649572470697456  8.653975976238964e-18      2.494783117089491
                  11300    -0.2626784924308698  8.653975976238964e-18      2.494341131866213
                  11400    -0.2640804311042292  8.653975976238964e-18      2.486617970104391
                  11500    -0.2650570328626824  8.653975976238964e-18      2.479768645401063
                  11600    -0.2764327311674184  8.653975976238964e-18      2.452027488325852
                  11700    -0.2760456472609504  8.653975976238964e-18      2.447759486018008
                  11800    -0.2748006067035766  8.653975976238964e-18      2.445259344876868
                  11900    -0.2657632948424474  8.653975976238964e-18      2.458470676770743
                  12000    -0.2585771520957058  8.653975976238964e-18      2.468174109266782
                  12100    -0.2438918007031975  8.653975976238964e-18      2.493103798808484
                  12200    -0.2394980675521367  8.653975976238964e-18      2.497665063383733
                  12300    -0.2259637992894216  8.653975976238964e-18      2.520732179255289
                  12400    -0.2128221205847687  8.653975976238964e-18       2.54327937722036
                  12500    -0.2054999255501608  8.653975976238964e-18      2.554365108580629
                  12600    -0.2110883253007337  8.653975976238964e-18      2.539706379524266
                  12700    -0.2053651992857998  8.653975976238964e-18      2.547706707682179
                  12800    -0.2007183108456213  8.653975976238964e-18      2.553612273535324
                  12900    -0.1963162359440235  8.653975976238964e-18      2.559189096878778
                  13000    -0.1845943933564597  8.653975976238964e-18       2.57957483630244
                  13100    -0.1818820491174977  8.653975976238964e-18      2.582074074478633
                  13200    -0.1871178389658405  8.653975976238964e-18      2.568677531147506
                  13300    -0.1860080583763965  8.653975976238964e-18      2.567935610930898
                  13400    -0.1867524590407924  8.653975976238964e-18      2.563546540525821
                  13500    -0.1918683942902781  8.653975976238964e-18      2.550377400704583
                  13600    -0.1818822261951499  8.653975976238964e-18      2.567440292533079
                  13700     -0.166299388325027  8.653975976238964e-18      2.595946157642009
                  13800    -0.1605601121826193  8.653975976238964e-18      2.604959928791931
                  13900    -0.1592433533101729  8.653975976238964e-18      2.605200338430255
                  14000    -0.1644313680494675  8.653975976238964e-18       2.59240455771936
                  14100    -0.1683940874336936  8.653975976238964e-18      2.582009154116944
                  14200    -0.1685796552052327  8.599765867614689e-18      2.579128265235162
                  14300    -0.1715232885689875  8.599765867614689e-18      2.570754810004547
                  14400    -0.1779223375222585  8.599765867614689e-18      2.555424120727413
                  14500    -0.1856699280343073  8.599765867614689e-18      2.537302719768286
                  14600    -0.1884409953908961  8.599765867614689e-18      2.529063548110272
                  14700    -0.1967312145985108  8.599765867614689e-18      2.509729981204698
                  14800    -0.2033127765453484  8.599765867614689e-18      2.493729916774258
                  14900    -0.2056551796663828  8.599765867614689e-18      2.486159122313045
                  15000    -0.2102094528916968  8.599765867614689e-18      2.474142861298708
                  15100    -0.2105581503719785  8.599765867614689e-18      2.470511301379862
                  15200    -0.2078217496655802  8.599765867614689e-18      2.473090798277319
                  15300    -0.1969284379697315  8.599765867614689e-18      2.492090578459681
                  15400    -0.1864408573643277  8.599765867614689e-18      2.510437398033547
                  15500     -0.185532278046923  8.599765867614689e-18      2.509754793641491
                  15600    -0.1840740009410854  8.599765867614689e-18      2.510192935689821
                  15700    -0.1797545823096711  8.599765867614689e-18      2.516404826903414
                  15800    -0.1778669645955861  8.599765867614689e-18      2.517812758280185
                  15900     -0.175691407624562  8.599765867614689e-18      2.519847539675172
                  16000    -0.1796692046414946  8.599765867614689e-18      2.509555742125883
                  16100    -0.1776507215951154  8.599765867614689e-18       2.51126708379559
                  16200    -0.1823205339686143  8.599765867614689e-18      2.499602626858614
                  16300    -0.1885832456269197  8.599765867614689e-18      2.484688896107601
                  16400    -0.1932344839870986  8.599765867614689e-18      2.472936046798778
                  16500    -0.1930762346616729  8.599765867614689e-18      2.470783854251275
                  16600    -0.1930402752931969  8.599765867614689e-18      2.468414084288363
                  16700    -0.1804547673899197  8.599765867614689e-18      2.491232089056393
                  16800    -0.1753511421837861  8.599765867614689e-18      2.499232513036968
                  16900    -0.1744758186786416  8.599765867614689e-18      2.498824350265103
                  17000    -0.1769949666857636  8.599765867614689e-18      2.491634890385139
                  17100    -0.1812747947976687  8.599765867614689e-18      2.480882178907317
                  17200    -0.1847062664440424  8.599765867614689e-18      2.471789574036885
                  17300     -0.190892739201661  8.599765867614689e-18       2.45714390038543
                  17400    -0.1917097887681332  8.599765867614689e-18      2.453202766873765
                  17500     -0.198430561295885  8.599765867614689e-18      2.437420520472133
                  17600      -0.19843263234737  8.599765867614689e-18      2.435054773008774
                  17700    -0.1956997270587622  8.599765867614689e-18      2.438177163254216
                  17800    -0.1863166395068285  8.599765867614689e-18      2.454714433651425
                  17900    -0.1877812711531825  8.599765867614689e-18       2.44960867799474
                  18000    -0.1855547904361929  8.599765867614689e-18      2.451883064230372
                  18100    -0.1853342978609379  8.599765867614689e-18      2.450170898939538
                  18200     -0.187327877751174  8.599765867614689e-18      2.444044482906695
                  18300     -0.187460595455429  8.599765867614689e-18        2.4416397867481
                  18400    -0.1854895549123784  8.599765867614689e-18      2.443456920088107
                  18500    -0.1864777565543294  8.599765867614689e-18      2.439381883986031
                  18600    -0.1853738591321095  8.572660813302551e-18      2.439502093148345
                  18700    -0.1854710773167804  8.572660813302551e-18       2.43722420649623
                  18800    -0.1816627932492655  8.572660813302551e-18      2.442794024277415
                  18900    -0.1752268618594975  8.572660813302551e-18      2.453696801655538
                  19000    -0.1799868672168346  8.572660813302551e-18      2.442218183708721
                  19100    -0.1829603953583376  8.572660813302551e-18      2.434280280633221
                  19200    -0.1847662303280292  8.572660813302551e-18      2.428666803244929
                  19300    -0.1837267910393784  8.572660813302551e-18      2.428756858209494
                  19400    -0.1809759675348707  8.572660813302551e-18      2.432297803518831
                  19500    -0.1816489242407498  8.572660813302551e-18      2.428991912115815
                  19600    -0.1830098347192923  8.572660813302551e-18      2.424323610481631
                  19700    -0.1851159423052326  8.572660813302551e-18      2.418170016866757
                  19800    -0.1860586252532927  8.572660813302551e-18      2.414320958961876
                  19900     -0.185156742989483  8.545555758990413e-18      2.414174353516263
                  20000    -0.1806239159290516  8.545555758990413e-18      2.421328524074216
                  20100    -0.1840670459863871  8.545555758990413e-18      2.412554174991865
                  20200    -0.1820366613629345  8.545555758990413e-18      2.414722208207566
                  20300    -0.1885887550627059  8.545555758990413e-18      2.399700635321008
                  20400    -0.1942767087600119  8.545555758990413e-18      2.386361560831057
                  20500    -0.1968644140663925  8.545555758990413e-18      2.379184877067619
                  20600    -0.1938691217914472  8.545555758990413e-18      2.383191463270809
                  20700    -0.1971644664949363  8.545555758990413e-18       2.37462549286017
                  20800    -0.2006789775529882  8.545555758990413e-18      2.365588331864064
                  20900    -0.2035674223709546  8.545555758990413e-18       2.35777754235596
                  21000    -0.2090243242271589  8.545555758990413e-18      2.344798614578044
                  21100     -0.211791861051876  8.545555758990413e-18      2.337166693158794
                  21200    -0.2160985305458656  8.532003231834345e-18      2.326433175319103
                  21300    -0.2187959632971954  8.532003231834345e-18      2.318894395716439
                  21400    -0.2206231800241648  8.532003231834345e-18        2.3130782403845
                  21500    -0.2209689862724871  8.532003231834345e-18       2.31021727146413
                  21600    -0.2229412185117859  8.532003231834345e-18      2.304112649609084
                  21700    -0.2203964126685793  8.532003231834345e-18       2.30703522327948
                  21800    -0.2081315224683518  8.532003231834345e-18      2.329497799063259
                  21900    -0.2100385613642491  8.532003231834345e-18      2.323678512406705
                  22000    -0.2050416303028403  8.532003231834345e-18      2.331702715711509
                  22100    -0.2058128588040682  8.532003231834345e-18      2.328212433987645
                  22200    -0.2071174438733105  8.532003231834345e-18      2.323644903190613
                  22300    -0.2057527124422614  8.532003231834345e-18      2.324428929113878
                  22400    -0.2042649021782446  8.491345650366138e-18      2.325487611444129
                  22500    -0.1952596435574754  8.491345650366138e-18      2.341633145939603
                  22600    -0.1908215210167928  8.491345650366138e-18      2.348722302963104
                  22700     -0.191173578512961  8.491345650366138e-18      2.346261062003611
                  22800    -0.1915729817805894  8.491345650366138e-18      2.343711798700821
                  22900    -0.1935322868624749  8.491345650366138e-18      2.338035163109706
                  23000    -0.1948909937863138  8.491345650366138e-18      2.333551022506483
                  23100    -0.1943396751392444  8.491345650366138e-18      2.332887595796672
                  23200    -0.1945276224956408  8.491345650366138e-18      2.330755282574175
                  23300    -0.1956807111977745  8.491345650366138e-18      2.326701286712837
                  23400    -0.1988709918790579  8.491345650366138e-18      2.318558424726886
                  23500    -0.1952008800169474  8.491345650366138e-18      2.324140836293355
                  23600    -0.1966885756621871  8.491345650366138e-18      2.319435585509567
                  23700    -0.1986251189373639  8.491345650366138e-18       2.31380973027777
                  23800    -0.1997608482222102  8.491345650366138e-18      2.309782867614118
                  23900    -0.1971194109049091  8.491345650366138e-18      2.313330499819058
                  24000    -0.1967162760173481  8.491345650366138e-18      2.312422860980378
                  24100    -0.1946872520841004  8.491345650366138e-18      2.314784942637948
                  24200    -0.1897251065784242  8.491345650366138e-18      2.323044180441185
                  24300    -0.1878957465204692  8.491345650366138e-18      2.325093633538302
                  24400    -0.1918576499019215  8.491345650366138e-18      2.315547711761698
                  24500    -0.1932832061296491  8.491345650366138e-18      2.311056163172233
                  24600    -0.1938694615902979  8.491345650366138e-18      2.308240522757343
                  24700    -0.1985818503150845  8.491345650366138e-18      2.297155947323358
                  24800    -0.2018357379111933  8.491345650366138e-18      2.288959509362464
                  24900    -0.2055492597331795  8.491345650366138e-18       2.27982334416005
                  25000    -0.2068535415239662  8.491345650366138e-18      2.275483415047383
                  25100     -0.206655480293206  8.491345650366138e-18       2.27414351759017
                  25200     -0.205258969595297  8.491345650366138e-18      2.275223566706722
                  25300    -0.2052305669726973  8.491345650366138e-18      2.273579435742747
                  25400    -0.2029398818544007  8.491345650366138e-18       2.27647952038309
                  25500    -0.1974950194100845  8.491345650366138e-18      2.285727261490009
                  25600    -0.1924900878625866  8.491345650366138e-18      2.294144917671505
                  25700    -0.1909648293686176  8.491345650366138e-18      2.295640287911539
                  25800    -0.1906523481255642  8.491345650366138e-18      2.294723442150496
                  25900    -0.1854772056127531  8.491345650366138e-18      2.303550626062904
                  26000    -0.1812667873192816  8.491345650366138e-18      2.310494356263034
                  26100    -0.1734762017144707  8.491345650366138e-18      2.324653793361664
                  26200    -0.1725286021696499  8.491345650366138e-18      2.325180386998596
                  26300    -0.1714315448226646  8.491345650366138e-18       2.32600970737457
                  26400     -0.167563624208916  8.491345650366138e-18      2.332414103614115
                  26500    -0.1653707412981045  8.491345650366138e-18      2.335502829844994
                  26600     -0.163827559769487  8.491345650366138e-18      2.337305279445179
                  26700    -0.1637929479007151  8.491345650366138e-18      2.336098368384336
                  26800    -0.1639385059982498  8.491345650366138e-18      2.334536752217501
                  26900    -0.1646465834426535  8.491345650366138e-18      2.331849618752971
                  27000    -0.1634894681795356  8.491345650366138e-18      2.332902596458292
                  27100    -0.1638221628777071  8.491345650366138e-18      2.330980630219247
                  27200    -0.1618620516988901  8.491345650366138e-18      2.333647735886167
                  27300    -0.1613372410620414  8.491345650366138e-18      2.333475919277217
                  27400    -0.1582007577066467  8.491345650366138e-18      2.338540591164231
                  27500    -0.1593376761267491  8.491345650366138e-18      2.335072455671626
                  27600    -0.1621102051659908  8.491345650366138e-18      2.328319409062719
                  27700    -0.1622744819484752  8.491345650366138e-18      2.326768141196647
                  27800    -0.1629803643898646  8.477793123210069e-18      2.324136786184471
                  27900    -0.1598182696503743  8.477793123210069e-18      2.329263553271668
                  28000    -0.1565168843137859  8.477793123210069e-18      2.334691266304481
                  28100    -0.1524553148363122  8.477793123210069e-18      2.341680140149403
                  28200     -0.152956459952041  8.477793123210069e-18      2.339551425273197
                  28300    -0.1531148805164793  8.477793123210069e-18      2.338115177429546
                  28400    -0.1490767253756839  8.477793123210069e-18      2.345083873968299
                  28500    -0.1495008583763584  8.477793123210069e-18      2.343156627936514
                  28600    -0.1514990387606065  8.477793123210069e-18        2.3380688189609
                  28700    -0.1508868615675414  8.477793123210069e-18      2.338195023681642
                  28800    -0.1439508424506569  8.477793123210069e-18      2.351005593642268
                  28900    -0.1376884639261893  8.477793123210069e-18       2.36252394182264
                  29000    -0.1347518007812631  8.477793123210069e-18      2.367428251066297
                  29100    -0.1350050099797704  8.477793123210069e-18      2.365967800657828
                  29200    -0.1340526615223069  8.477793123210069e-18      2.366921827491497
                  29300    -0.1355551964703038  8.477793123210069e-18      2.362969471224801
                  29400    -0.1355990515029031  8.477793123210069e-18      2.361936201303001
                  29500     -0.136775254543695  8.477793123210069e-18        2.3586305538481
                  29600     -0.137150574128895  8.477793123210069e-18       2.35692227806703
                  29700    -0.1365216490568085  8.477793123210069e-18      2.357227334558448
                  29800    -0.1344238594412355  8.477793123210069e-18       2.36047969392958
                  29900     -0.131732024085423  8.477793123210069e-18      2.364947891849019
                  30000    -0.1333442701441541  8.477793123210069e-18      2.360812145646959
                  30100    -0.1370345138721643  8.477793123210069e-18      2.352504841495742
                  30200    -0.1379965677222514  8.477793123210069e-18       2.34963954766612
                  30300    -0.1368045809851477  8.477793123210069e-18      2.351078797399656
                  30400    -0.1337755827119019  8.477793123210069e-18      2.356220967832209
                  30500    -0.1312016813131518  8.477793123210069e-18      2.360470870971418
                  30600    -0.1275759210482356  8.477793123210069e-18      2.366856319471728
                  30700    -0.1233346213380147  8.477793123210069e-18      2.374500408469622
                  30800    -0.1203748862544214  8.477793123210069e-18      2.379603707615991
                  30900    -0.1189751926547627  8.477793123210069e-18      2.381606655256212
                  31000     -0.117568759637338  8.477793123210069e-18      2.383640269887645
                  31100    -0.1184366644905492  8.477793123210069e-18      2.381124444660293
                  31200    -0.1181288511455608  8.477793123210069e-18      2.380958520773802
                  31300    -0.1173013811527138  8.477793123210069e-18      2.381840737348558
                  31400    -0.1158119307562026  8.477793123210069e-18      2.384054272833593
                  31500    -0.1140287493155598  8.477793123210069e-18      2.386874536284066
                  31600    -0.1162587155018837  8.477793123210069e-18      2.381665136682134
                  31700    -0.1187050317799107  8.477793123210069e-18      2.376009039835046
                  31800    -0.1206011233043412  8.477793123210069e-18      2.371441437100499
                  31900    -0.1177529567396442  8.477793123210069e-18      2.376371111116512
                  32000    -0.1152074089586058  8.477793123210069e-18       2.38071011519613
                  32100    -0.1119048768988103  8.477793123210069e-18      2.386590147140959
                  32200    -0.1085008445593738  8.477793123210069e-18      2.392695237024688
                  32300    -0.1062651761397584  8.477793123210069e-18      2.396488011202172
                  32400    -0.1064015482512716  8.477793123210069e-18      2.395543968076478
                  32500    -0.1058216237881498  8.477793123210069e-18      2.396032288087613
                  32600    -0.1046277021288326  8.477793123210069e-18      2.397760719121555
                  32700    -0.1044468269177278  8.477793123210069e-18      2.397465903531954
                  32800     -0.103535958599831  8.477793123210069e-18      2.398637148886891
                  32900    -0.1029442928556532  8.477793123210069e-18      2.399174374727473
                  33000    -0.1003244288786179  8.477793123210069e-18      2.403780616470967
                  33100   -0.09726806961058057  8.477793123210069e-18      2.409285949101752
                  33200   -0.09761152318086279  8.477793123210069e-18      2.407998908626112
                  33300   -0.09684130334270191  8.477793123210069e-18      2.408940094284794
                  33400    -0.0924990875928702  8.477793123210069e-18      2.417045408048606
                  33500   -0.08983513079287631  8.477793123210069e-18      2.421820033049565
                  33600   -0.09098178860328009  8.477793123210069e-18      2.418975756071331
                  33700   -0.09174771245099922  8.477793123210069e-18      2.416890230238521
                  33800   -0.09305430975359832  8.477793123210069e-18      2.413713313785993
                  33900    -0.0896881492056814  8.477793123210069e-18      2.419893624627315
                  34000   -0.09067262916624366  8.477793123210069e-18      2.417383766547413
                  34100   -0.09250973442366464  8.477793123210069e-18      2.413161235778617
                  34200   -0.09350659532791383  8.477793123210069e-18      2.410610470308316
                  34300   -0.09248403441890435  8.477793123210069e-18       2.41209916385021
                  34400   -0.09312164618733629  8.477793123210069e-18       2.41027057382345
                  34500   -0.09159090827016429  8.477793123210069e-18      2.412784718842422
                  34600    -0.0911346266696888  8.477793123210069e-18       2.41315836526427
                  34700   -0.09041221847050084  8.477793123210069e-18      2.414064602568185
                  34800   -0.08907859748579973  8.477793123210069e-18      2.416200765892533
                  34900   -0.08773414256625904  8.477793123210069e-18       2.41837107806187
                  35000   -0.08336941953281618  8.477793123210069e-18      2.426600786143931
                  35100   -0.08211819144521022  8.477793123210069e-18      2.428622807392684
                  35200   -0.08376970980072634  8.477793123210069e-18      2.424836118815295
                  35300   -0.08422147215121832  8.477793123210069e-18      2.423446821907981
                  35400    -0.0851113629275593  8.477793123210069e-18      2.421181263130045
                  35500   -0.08481513823696091  8.477793123210069e-18       2.42128716850825
                  35600   -0.08532159212808781  8.477793123210069e-18      2.419783004498385
                  35700    -0.0856074737434207  8.477793123210069e-18       2.41872200028057
                  35800   -0.08244166836106459  8.477793123210069e-18      2.424571759110896
                  35900   -0.08043535254138724  8.477793123210069e-18      2.428123829989789
                  36000   -0.08006867601006432  8.477793123210069e-18      2.428403003425629
                  36100   -0.07824071941001888  8.477793123210069e-18      2.431614152267244
                  36200   -0.07783205801148076  8.477793123210069e-18      2.431992590777602
                  36300   -0.07910219403226749  8.477793123210069e-18      2.429011461632622
                  36400    -0.0801561619796532  8.477793123210069e-18       2.42645809653109
                  36500   -0.08234521550910297  8.477793123210069e-18      2.421625192651932
                  36600   -0.08258352978063085  8.477793123210069e-18      2.420689970110931
                  36700    -0.0826775325956908  8.477793123210069e-18      2.420042724564538
                  36800   -0.08296981379224524  8.477793123210069e-18      2.418998843035526
                  36900   -0.08386022940373798  8.477793123210069e-18      2.416756645106398
                  37000   -0.08433305986967168  8.477793123210069e-18      2.415346898870073
                  37100    -0.0842536671291025  8.477793123210069e-18      2.415040955937706
                  37200   -0.08398492122397538  8.477793123210069e-18      2.415115638871981
                  37300   -0.08422764500720571  8.477793123210069e-18      2.414172404017056
                  37400   -0.08334027990315029  8.477793123210069e-18      2.415490358204924
                  37500   -0.08304459944497596  8.477793123210069e-18      2.415629545866585
                  37600   -0.08475022101995187  8.477793123210069e-18      2.411761048534995
                  37700   -0.08620675083555823  8.477793123210069e-18      2.408385515900933
                  37800   -0.08712460224678444  8.477793123210069e-18      2.406081512356644
                  37900   -0.08893529392304216  8.477793123210069e-18      2.401985563267156
                  38000   -0.08892468086007764  8.477793123210069e-18      2.401528749775731
                  38100   -0.08838470150181371  8.477793123210069e-18      2.402134848820034
                  38200    -0.0895624261182498  8.477793123210069e-18      2.399303956436517
                  38300   -0.09072974956345418  8.477793123210069e-18       2.39648734124341
                  38400   -0.09068311989207532  8.477793123210069e-18      2.396099365512749
                  38500   -0.09093397303740094  8.477793123210069e-18      2.395116267921859
                  38600   -0.09211815228371227  8.477793123210069e-18      2.392263651272913
                  38700   -0.09343233376184672  8.477793123210069e-18      2.389146199406917
                  38800   -0.09438878464291638  8.477793123210069e-18      2.386738407410288
                  38900    -0.0963671693615042  8.477793123210069e-18      2.382281554872345
                  39000   -0.09771131773456347  8.477793123210069e-18      2.379083569695478
                  39100   -0.09759752457294402  8.477793123210069e-18      2.378797483523044
                  39200   -0.09849086771166722  8.477793123210069e-18      2.376498338345836
                  39300    -0.1001848481907117  8.477793123210069e-18      2.372592673727192
                  39400     -0.101915950185814  8.477793123210069e-18      2.368604154072079
                  39500    -0.1036474315732712  8.477793123210069e-18      2.364607140831902
                  39600    -0.1041817006126098  8.477793123210069e-18      2.362997881160468
                  39700    -0.1028854820174437  8.477793123210069e-18      2.365057373593928
                  39800    -0.1039730195944637  8.477793123210069e-18      2.362349552526927
                  39900    -0.1054860659936969  8.477793123210069e-18       2.35878698149282
                  40000    -0.1080934934032577  8.477793123210069e-18      2.353025614479163
                  40100    -0.1122738651092954  8.477793123210069e-18      2.344102476392151
                  40200    -0.1162695252085494  8.477793123210069e-18      2.335527780575537
                  40300    -0.1189568702576332  8.477793123210069e-18      2.329554141610365
                  40400    -0.1189323729028393  8.477793123210069e-18      2.328997591146715
                  40500    -0.1215746268342496  8.477793123210069e-18      2.323102405129629
                  40600    -0.1208112866987222  8.477793123210069e-18      2.324011917216266
                  40700      -0.11758679271417  8.477793123210069e-18      2.329856264907201
                  40800    -0.1170363991411151  8.477793123210069e-18      2.330367749498083
                  40900    -0.1169872538228802  8.477793123210069e-18      2.329878253395262
                  41000    -0.1170031293993664  8.477793123210069e-18      2.329259001777596
                  41100    -0.1176355616199743  8.477793123210069e-18        2.3274087326622
                  41200    -0.1187260266223745  8.477793123210069e-18      2.324638302063755
                  41300    -0.1193351381223222  8.477793123210069e-18      2.322827443182685
                  41400     -0.119591439746714  8.477793123210069e-18      2.321722240078945
                  41500    -0.1198511329373081  8.477793123210069e-18       2.32060830030001
                  41600    -0.1201257950506188  8.477793123210069e-18      2.319468076076555
                  41700    -0.1178424526477671  8.477793123210069e-18      2.323448024233965
                  41800    -0.1150625130608746  8.477793123210069e-18      2.328436471568717
                  41900    -0.1093031380773022  8.477793123210069e-18      2.339405795720806
                  42000    -0.1070469352082314  8.477793123210069e-18      2.343393195823078
                  42100    -0.1033101726474807  8.477793123210069e-18      2.350352074174131
                  42200   -0.09831521781674207  8.477793123210069e-18      2.359852057507294
                  42300   -0.09362152768202729  8.477793123210069e-18      2.368775631581436
                  42400   -0.09293774844946208  8.477793123210069e-18        2.3696951576283
                  42500   -0.09406860872057177  8.477793123210069e-18      2.366985475051442
                  42600   -0.09507536220710054  8.477793123210069e-18      2.364517735486128
                  42700   -0.09555879461293054  8.477793123210069e-18      2.363094676388123
                  42800   -0.09675226510503082  8.477793123210069e-18      2.360248478743097
                  42900    -0.0983830075576016  8.477793123210069e-18      2.356523044512985
                  43000   -0.09881049929669994  8.477793123210069e-18      2.355199546200335
                  43100   -0.09978873085869572  8.477793123210069e-18      2.352771726044321
                  43200    -0.1008190297748059  8.477793123210069e-18       2.35023618382008
                  43300    -0.1022465012885726  8.477793123210069e-18      2.346901744000343
                  43400    -0.1024114008224306  8.477793123210069e-18      2.346089744176394
                  43500    -0.1028495783577456  8.477793123210069e-18      2.344730147201911
                  43600    -0.1033208763355878  8.477793123210069e-18      2.343302809205474
                  43700    -0.1045548414436574  8.477793123210069e-18      2.340348909176084
                  43800    -0.1048973063144844  8.477793123210069e-18      2.339173579413859
                  43900    -0.1041722066884701  8.477793123210069e-18      2.340135966462563
                  44000    -0.1042247959601278  8.477793123210069e-18      2.339545449774598
                  44100    -0.1052454000299384  8.477793123210069e-18      2.337016685690742
                  44200    -0.1054599060436728  8.477793123210069e-18      2.336097756585696
                  44300    -0.1068532544275626  8.477793123210069e-18      2.332819834103921
                  44400    -0.1101437876008871  8.477793123210069e-18      2.325737912543031
                  44500    -0.1132948832194295  8.477793123210069e-18      2.318919927214502
                  44600    -0.1163340762465733  8.477793123210069e-18      2.312314217774695
                  44700    -0.1146472941033646  8.471016859632035e-18      2.315155491607884
                  44800    -0.1134885642634421  8.471016859632035e-18      2.316951646425546
                  44900    -0.1135499986743514  8.471016859632035e-18      2.316311937090024
                  45000    -0.1146262962502824  8.471016859632035e-18      2.313639105012192
                  45100    -0.1142471667406068  8.471016859632035e-18      2.313875704495918
                  45200    -0.1137483593866032  8.471016859632035e-18      2.314356547769223
                  45300    -0.1163249341495969  8.471016859632035e-18       2.30868198180202
                  45400    -0.1137223038891511  8.471016859632035e-18      2.313365949361168
                  45500    -0.1117657337077525  8.471016859632035e-18      2.316773122394669
                  45600    -0.1113778267914462  8.471016859632035e-18      2.317049166191827
                  45700    -0.1118113249245507  8.471016859632035e-18      2.315681928050418
                  45800    -0.1087231898698071  8.471016859632035e-18      2.321365222321337
                  45900    -0.1074238217707772  8.471016859632035e-18      2.323479642408472
                  46000    -0.1053483412936658  8.471016859632035e-18      2.327158760336398
                  46100    -0.1050231489020779  8.471016859632035e-18      2.327340936692613
                  46200    -0.1041837464762763  8.471016859632035e-18       2.32855414618205
                  46300    -0.1048216135580543  8.471016859632035e-18      2.326815508898024
                  46400    -0.1060910598846643  8.471016859632035e-18      2.323810545811188
                  46500    -0.1057547151856744  8.471016859632035e-18      2.324014170371201
                  46600    -0.1046263035420569  8.471016859632035e-18      2.325809288775268
                  46700    -0.1046279279129474  8.471016859632035e-18      2.325347258584934
                  46800    -0.1052906908453488  8.471016859632035e-18      2.323560909162221
                  46900    -0.1039098043707609  8.471016859632035e-18      2.325866456644439
                  47000    -0.1035765778417605  8.471016859632035e-18       2.32608051511244
                  47100    -0.1041935555777809  8.471016859632035e-18      2.324394960051689
                  47200    -0.1017019066490486  8.471016859632035e-18      2.328931039951317
                  47300   -0.09705742532771716  8.471016859632035e-18      2.337790619368529
                  47400   -0.09318655632117626  8.471016859632035e-18      2.345121566347054
                  47500   -0.09077186685257173  8.471016859632035e-18      2.349555374937875
                  47600   -0.08956068629148989  8.471016859632035e-18      2.351592144043805
                  47700   -0.08960244631370441  8.464240596054001e-18      2.351125484004594
                  47800   -0.08806144457404666  8.464240596054001e-18      2.353827636932256
                  47900   -0.08683852225321488  8.464240596054001e-18      2.355901085105019
                  48000   -0.08492165578839278  8.464240596054001e-18      2.359369285051148
                  48100   -0.08431855369007342  8.464240596054001e-18       2.36021740356465
                  48200    -0.0846305473119319  8.464240596054001e-18      2.359235416809038
                  48300   -0.08401828777791473  8.464240596054001e-18      2.360103013888851
                  48400   -0.08216926267486083  8.464240596054001e-18      2.363451936315635
                  48500   -0.08245717466736431  8.464240596054001e-18      2.362529306638019
                  48600   -0.08313762888129025  8.464240596054001e-18      2.360821664290835
                  48700   -0.08242665693464241  8.464240596054001e-18      2.361897131134268
                  48800   -0.08208006785750056  8.464240596054001e-18      2.362246837951064
                  48900   -0.08189270929405043  8.464240596054001e-18       2.36228120276291
                  49000   -0.08341696344557907  8.464240596054001e-18      2.358889405617681
                  49100    -0.0845983853628075  8.464240596054001e-18      2.356177078026384
                  49200    -0.0854144139766503  8.464240596054001e-18      2.354193029160679
                  49300   -0.08530339579766001  8.464240596054001e-18       2.35406193507383
                  49400   -0.08543073549451211  8.464240596054001e-18      2.353455403020149
                  49500    -0.0831926368719583  8.464240596054001e-18      2.357584440400751
                  49600   -0.08234547146036598  8.464240596054001e-18      2.358938756655803
                  49700   -0.07980989946286085  8.464240596054001e-18      2.363679513579505
                  49800   -0.07866973802266936  8.464240596054001e-18       2.36563653444485
                  49900   -0.07983037387116332  8.464240596054001e-18      2.362993436869295
                  50000   -0.08002183830629733  8.464240596054001e-18      2.362282749307685
