#! FIELDS time deep.node-0 sigma_deep.node-0 height
#! SET action OPES_METAD_state
#! SET biasfactor       16.03631422818644
#! SET epsilon   3.735422218159802e-08
#! SET kernel_cutoff       5.848558777694301
#! SET compression_threshold                       1
#! SET zed     0.06187463916497544
#! SET sum_weights       15294.24421348503
#! SET sum_weights2         108489.13215981
#! SET counter  9992
#! SET adaptive_counter  5000000
#! SET sigma0_deep.node-0     0.04782843745615977
#! SET av_cv_deep.node-0      0.6965969911720352
#! SET av_M2_deep.node-0       861335.8717177809
                  10000     0.8340162224453443    0.03425372371191999      10123.91771092369
                  10000     0.5373975152224949    0.04059003278476336      12.77944861956428
                  10000    -0.7936763362242465     0.0329143133468448      1204.955964023333
                  10000    -0.8506841018275116     0.0356917463058923      2443.742308523337
                  10000     0.3506006347647319    0.04041862764172549      1.359272623225317
                  10000    -0.1266344292280082    0.03881274751143916    0.03794733733016582
                  10000  -0.007948590467332732    0.03852635256552196    0.04282645929511249
                  10000    -0.3512934003327746    0.03734489809083734     0.4555295191924467
                  10000    -0.7267372176128271    0.03656760162731992      243.1550138756338
                  10000     0.7853750444574735    0.03347159109246911      5070.900537471996
                  10000     0.1395623260799004    0.04085603393245764     0.1476023252962453
                  10000     0.8801385414972275    0.03184553888787061      3839.485079463753
                  10000    -0.4231351948484838    0.03345216089880576      1.034180150266345
                  10000     -0.515645869288654    0.03350277513390404       3.44005056801733
                  10000     0.2459351870734622      0.037661437934274     0.4022388826749097
                  10000     0.6469321034337349      0.036203298870079      71.20108411333517
                  10000     0.4408303472194808    0.03753369316249577       3.02664010181595
                  10000       0.72800763478162    0.03383079919599648      1004.606877384401
                  10000     0.9234666102258473    0.03141595739397937      503.9956740552498
                  10000    -0.2666472578171073    0.03464961804623094     0.1255728666534841
                  10000      1.067071849897137    0.03331110299125751     0.1728581109158349
                  10000      1.175750455205955    0.03295405347334094   0.001335752747382842
                  10000      1.239323612894036    0.03225470868383216  7.535005861697427e-05
                  10000    -0.6156220828721836     0.0334648900392474       20.6727499170494
                  10000      1.118811959944807    0.03261530430220224    0.01689294076073437
                  10000    0.06637031951610965     0.0341583438195846    0.05489271010899813
                  10000      0.964640150483188     0.0295711680505008      52.70132671341739
                  10000     -0.897036272515605    0.02927196552976099      776.4972799819934
                  10000    -0.9368081707716794    0.02942562708453577      102.0385232109773
                  10000    -0.2010406185723719    0.03234410332765231    0.04526464445437235
                  10000       1.29545231166608    0.03275638569515057  6.146190437815535e-06
                  10000   -0.06964792186665167    0.02893205650446251    0.01333618900992364
                  10000    -0.4700511799915655    0.02840272870055335      1.191330345505469
                  10000    -0.5654389948529507    0.02839779063166459      4.970290405722185
                  10000     -1.011044592802106    0.02791736234766232    0.09304671839466702
                  10000     0.2971735908494288    0.02850885273041403     0.2811437227034896
                  10000     0.5946523474240377    0.02805882267530941      8.111230822966462
                  10000     0.1955115457782579    0.02864980172899541    0.06652353653454578
                  10000    -0.9710314798879224    0.02786472532557824      2.796044200126302
                  10000    -0.6683402647281832    0.02812392530202677      26.74437206280232
                  10000       1.01138487541076    0.02813040234574577      1.229932071524328
                  10000       0.48663901714908    0.02682695111499627      1.148258083661027
                  10000     -1.113344780766514    0.02578438048053947  7.457238168964511e-06
                  10000     0.3945880397996788    0.02613624093803481     0.2302230503073071
                  10000     -0.305655482189772    0.02544290117007696    0.02592843964782338
                  10000      -1.06039551341779    0.02444628759412731  0.0007074988994550694
                  10000     0.6932452127941948    0.02453129163509964      4.729299463200498
