#! FIELDS time psi sigma_psi height
#! SET action OPES_METAD_state
#! SET biasfactor       16.03631422818644
#! SET epsilon   3.735422218159802e-08
#! SET kernel_cutoff       5.848558777694301
#! SET compression_threshold                       1
#! SET zed     0.07521332151928467
#! SET sum_weights       5127808.303641092
#! SET sum_weights2       11625752.36360394
#! SET counter  4372773
#! SET min_psi -pi
#! SET max_psi pi
              4372772.1      2.234142253594909    0.01464434154662025       526254.934858373
              4372772.1     -3.038603110746051    0.01438400941496635      146902.3699987437
              4372772.1      2.910765443816862     0.0147395910942195      1116823.570018269
              4372772.1      1.859379924128109    0.01433948675781271      237646.4184114703
              4372772.1     0.7851137181905923    0.01438877388324058      960128.6036960493
              4372772.1     0.9125504985900865    0.01458242416442053      1258873.279071394
              4372772.1    -0.8246602220059442    0.01672409516596014      75663.90204435053
              4372772.1     0.6405828911974077     0.0142401864984195       706551.493672059
              4372772.1      1.367868383025523    0.01440064020133807      663664.2953021895
              4372772.1    -0.3166948496527427    0.01643016884081152      60126.18879944672
              4372772.1      1.630457699574119     0.0145236324539633      318931.1600658064
              4372772.1    0.02037097151549864    0.01485739674897779      94610.91167350602
              4372772.1       2.73101630703623    0.01457265787084966      1639992.340926415
              4372772.1     -1.281399883548032    0.01656798648893869      17831.71291316003
              4372772.1     -2.665565646648334    0.01481141042781072      3477.917680725864
              4372772.1      3.046466845392431     0.0146450226409975      650123.4499086255
              4372772.1     0.2348322641617541    0.01453727556178052      206298.8152164227
              4372772.1    -0.6821294102530295    0.01623359547909532      75097.13068750739
              4372772.1     -1.883639185524881     0.0168288601057281      464.5726953826934
              4372772.1      2.011182827745599    0.01461065575247682      281054.3956182703
              4372772.1     -1.615925869025048    0.01664572469957678      2145.400016766121
              4372772.1     -1.808864438521083    0.01678720473857162      697.5018688140631
              4372772.1     -2.147269084986236    0.01637200476708283      149.5165834566718
              4372772.1     -1.061649493755901    0.01655843575274311      47413.26002188656
              4372772.1      1.189993200437872    0.01437271819386485       975953.659552017
              4372772.1    -0.1713005961258059    0.01530008677389593      61501.33308495434
              4372772.1      2.405015434729576    0.01434394214564638      885635.8622249747
              4372772.1      2.531729053511397    0.01468058649129634      1249362.525121924
              4372772.1     -2.834116445829952    0.01460828006522749      21222.92146934933
              4372772.1    -0.4718092964109043    0.01666957384092578      65148.56108311204
              4372772.1    -0.9855490398551966    0.01667774022667233      55514.58177412174
              4372772.1     -2.436722254426153    0.01505697162562838      338.8247486614169
              4372772.1     -1.355349644560263     0.0170541957194622      12864.82258633283
              4372772.1     0.4494459495302423    0.01435635723696386      453872.2687009478
              4372772.1      1.518556165853578    0.01443219140036367      433999.6418834623
              4372772.1      1.016481618114367     0.0141695308722187      1162726.574771746
              4372772.1     -1.532594469359285    0.01708012305544085      4034.986365518512
              4372772.1      1.763128332417523    0.01436301358815169       236802.315601176
              4372772.1    -0.7546246747911617    0.01673991102190136      78045.80752257505
              4372772.1     -2.286808204643881    0.01575341255785892      144.5604629471643
              4372772.1     -1.973110425014706    0.01755810148435416      320.9487527486116
              4372772.1      -2.93751145962408    0.01396856487310114      57161.43593911402
              4372772.1      2.625550069722775    0.01385719377237936      1357061.014990818
              4372772.1    -0.5495878866460263    0.01643775920504411      75522.72793491054
              4372772.1     0.1213540331524952    0.01436431845828091      132213.7527741009
              4372772.1     -1.210590539059791    0.01677330798621655      28170.86694306609
              4372772.1      2.120540298494278    0.01407388055820647      357336.3317776741
              4372772.1     0.5626655692893582    0.01441209933095533      636572.9928996451
              4372772.1      1.105306394685345    0.01411006043582157      1082750.156895778
              4372772.1   -0.05451633964204811    0.01464848652650235      75814.56763984638
              4372772.1      1.276316867601891    0.01395164391080528      778700.7189932314
              4372772.1     0.3476123959515748     0.0140320300291616       293660.809406598
              4372772.1     -3.120437246058493    0.01414524739974762      278755.2293931619
              4372772.1      2.324073973222009    0.01368286587197861      572149.9406768581
              4372772.1      2.827674021249877    0.01393565648982734      1225800.823431778
              4372772.1     -2.529141771010696    0.01439757256960875      797.4506157616902
              4372772.1     -1.439013087545445    0.01705636110165135      7845.399891057954
              4372772.1    -0.3967323312785975    0.01653482180286763      62503.05855505155
              4372772.1      1.939691479654616    0.01376489203929636      214297.1803494446
              4372772.1     -2.751078981516795    0.01384509782974174      7604.373097471601
              4372772.1     0.7150415919873265    0.01376579541002057      804887.1244490612
              4372772.1     -1.702842569615217    0.01722288717849555      1418.078867554859
              4372772.1    -0.9084772567743761    0.01666810392041013      64028.47590958543
              4372772.1     -1.132449874330938    0.01622680128389153      34938.84273493735
              4372772.1     -2.355206247034568    0.01500137981729194      177.7127326655506
              4372772.1     -2.067384797848332    0.01638640541394495      178.2184864614637
              4372772.1    -0.6140885844614008    0.01584225193086126      73954.05610501762
              4372772.1    -0.2409462621351142    0.01546000994490095      54619.02760487104
              4372772.1      -2.21374309487664    0.01575568424456172      128.9098776040356
              4372772.1    -0.1114413699305513    0.01415409497845041      64387.52349178662
              4372772.1      -2.59492543621574    0.01382177730638818      1312.180644845739
              4372772.1     -1.758323224204764    0.01401466734439879      720.9145553975976
              4372772.1     0.1785185227192778    0.01376808245715482      155883.4217839181
              4372772.1      1.456960276389238    0.01391013515035495      488330.3387811626
              4372772.1     0.8490555366710419    0.01392976428949518      1109970.868411494
              4372772.1      1.694674332467407    0.01395236787965267      251108.2113724022
              4372772.1      2.465463887297314    0.01377024571687739       890973.628494241
              4372772.1      3.107136918677543    0.01390992584127313      421466.7197068715
              4372772.1      2.992955423963813    0.01405191112742881      759917.7042087785
              4372772.1     0.5053083781543531    0.01373579140161407      516724.2738580019
              4372772.1     0.2943616732562133    0.01370758700712165      241786.3327131008
              4372772.1      2.173225892221089    0.01370683435043467      387317.0796438748
              4372772.1      2.675028724623872    0.01356610415085934      1397613.168136156
              4372772.1      2.065496515936133    0.01362974771131769      301405.9784275352
              4372772.1    0.07224918240621649    0.01344119283378655      96311.72139525203
              4372772.1     -2.986073546082673    0.01359970180324747      87536.55976350923
              4372772.1       1.57398078118324    0.01352821410589377      345257.4393312593
              4372772.1     0.9665170431802497    0.01340985640896483      1123178.324480198
              4372772.1     0.3942767292950612    0.01344856362062208      322161.0834936653
              4372772.1     -2.885887346614166    0.01340396745246637      32052.21612753355
              4372772.1      2.784548443492622    0.01347917757423002      1312010.079067019
              4372772.1      1.228972940684979    0.01352183162945791      818831.7178143287
              4372772.1      1.058700765203539    0.01331630991945724      1000688.655199919
              4372772.1      2.282751781841696    0.01326004200644026      489910.7043083996
              4372772.1      1.316542013262185    0.01341093111001375      664615.2333403055
              4372772.1      2.579692896636289    0.01304950498703098      1115443.221647028
              4372772.1      1.809668057333871    0.01331138983565655      211169.8745796987
              4372772.1     -2.714013242332569     0.0134674457623254      4857.525118208044
              4372772.1      1.412639720375985    0.01319521555054941      465907.8849555076
              4372772.1     -2.484315158265738    0.01310501986646038      418.4728733939154
              4372772.1      1.142172256077877     0.0134475782269417      951974.5719125575
              4372772.1      1.901746547679642     0.0130657635482082      193130.3710326884
              4372772.1      2.363374598575537    0.01293829461864173      585950.0644819387
              4372772.1     0.6828514006995975    0.01323501125938246      724438.8499878271
              4372772.1      2.957273082027475     0.0131745476512511      794138.8665514392
              4372772.1     -3.080842294611174    0.01307177964152757      166109.6821658138
              4372772.1      2.868604490446693    0.01286416374344278      970748.9216090676
              4372772.1     -2.793503678500445    0.01305506348057298      10684.27845746713
              4372772.1     0.5993912600348269    0.01306864029704727      555783.8033382653
              4372772.1      0.749266502694108    0.01276330670951963      722379.0567882791
              4372772.1     -2.559371150814274    0.01311495395912253      922.3524801408482
              4372772.1      1.974470200843935    0.01284856855459661      196111.6663933825
              4372772.1     -2.390954420605202     0.0131742202686133      185.4630136546182
              4372772.1     0.8210095316683417    0.01298526649953617      940329.2673485534
              4372772.1      1.725144953671622    0.01287648367715868      205789.9609395774
              4372772.1     -2.630757992023822    0.01300841773670437      1826.476766750958
              4372772.1      2.497482317578007    0.01290702046480118        900385.61985368
              4372772.1   -0.01717296235441986    0.01301798371792049      62379.99502160326
              4372772.1      2.433765053486595    0.01288364762230157      804852.6615328684
              4372772.1      -1.48524517443056    0.01309907141395074      3480.175535419241
              4372772.1      1.662538043262952    0.01262676746153698      217545.4824920791
              4372772.1      1.484668262133776    0.01274295854931805      380845.6138912319
              4372772.1     0.2663792089351482    0.01277701637225628      185835.5909169788
              4372772.1     0.8801125112176201    0.01262478282939064      881040.1737809952
              4372772.1     -2.025519596814666    0.01335432472633632      152.9504779097807
              4372772.1      2.202789521680546    0.01267749309918934      368273.4160319605
              4372772.1     0.5336441410841342    0.01269754832239473      485219.3531830313
              4372772.1      3.077464222309653    0.01272725267068597        416844.40637614
              4372772.1      1.601126272489233    0.01250405272213773      274436.3238451047
              4372772.1    -0.2763795967689421    0.01324378799296257      41284.15606847355
              4372772.1      0.150418316479057    0.01265580435248394      121547.6944441667
              4372772.1     0.4208314916353581    0.01241124553630351      318544.2112191287
              4372772.1      3.135055916594442    0.01253165439541738      295555.1221910286
              4372772.1     0.4777235062440722    0.01240415478377932      381353.0800364197
              4372772.1    -0.3530697976358675    0.01346287398026765      42580.67528608278
              4372772.1      1.546637887845016    0.01241716856399283      320423.2970516573
              4372772.1      2.701863454750415    0.01246284676803049      1247938.734809737
              4372772.1    -0.2056175371770921    0.01303311380705231       41269.7634877259
              4372772.1      2.092788754136599    0.01239111344806324      270012.5056878577
              4372772.1     0.2063481995384516      0.012410586606188      146380.8058474823
              4372772.1     -2.249770861490499    0.01323581188675509      100.9429168223256
              4372772.1     0.9404173717289042    0.01227898066057764      963257.5807813003
              4372772.1     -2.321161025237462    0.01302106118248479      120.7302332837638
              4372772.1   -0.08290040066488852       0.01263606107988      56357.10494555128
              4372772.1     -0.140844406094225     0.0128725338321129      50277.12133408197
              4372772.1     -2.911346713759714    0.01206159311788314       34063.7346988238
              4372772.1     -1.403888698040065    0.01379997658966912       6772.67496403801
              4372772.1     -1.933258718780288    0.01381818743669378      256.3474568891063
              4372772.1    -0.8681971158728625    0.01343466303273878      46938.69621787156
              4372772.1     -2.111621679337188    0.01368497285335105      122.8526221894673
              4372772.1     -1.659852245194306     0.0135516483072865      1179.918638104356
              4372772.1      -1.57305848679803    0.01368468692024121      2139.149161313256
              4372772.1    -0.5118650399187585    0.01359658828314326      49990.49274483328
              4372772.1     -1.024883287114479    0.01366195415620411      36841.97586841408
              4372772.1    -0.4327139652607583    0.01348043844126154      45506.46529789586
              4372772.1     -1.169496809445203    0.01352009905798982      22127.11844818801
              4372772.1    -0.7173857235591014     0.0137543992756854      58189.75816887054
              4372772.1     -1.319640057005642    0.01383804549245304      11276.81739616551
              4372772.1    -0.9472815251887158    0.01346769799228645      41337.80480347287
              4372772.1     -1.846171852145948    0.01372811626606604      408.9856635865237
              4372772.1     -1.097350020431939    0.01357300893649297      30965.77121822432
              4372772.1     -1.242908362556503    0.01370318883852915      17352.30955807368
              4372772.1    -0.6461905854819906    0.01355831945919502      55942.73090736398
              4372772.1    -0.7903911929594032    0.01359089865174202      55188.57537054696
              4372772.1    -0.5810758380726465    0.01336910903009817      54955.00057143784
              4372772.1     -2.181000159544813    0.01308497905576027      96.28515144630067
              4372772.1      2.759047896343637    0.01215264034138945      1158248.037869387
              4372772.1       2.14733936868687     0.0120321310200978      288583.6506589162
              4372772.1     0.3212631385856706     0.0121448374685725      207786.6145964431
              4372772.1      2.038823475326928    0.01219789872701211      225759.5622178003
              4372772.1     -3.012060570909155    0.01208253545382789      90459.97322821089
              4372772.1       1.34144555418025    0.01197913472403633      514172.4388370674
              4372772.1     -2.860685523635028    0.01192552394411842      19932.59408603394
              4372772.1      3.018777547571855    0.01203158466728214      532122.8951012872
              4372772.1      2.650180041555143    0.01170116570075055      1028316.372541353
              4372772.1     0.9913582770122599    0.01176813452562862      849204.2289546996
              4372772.1    0.04716398269061942    0.01202910918914494      73113.31249768961
              4372772.1      1.833808473018903    0.01172045212085116      171145.1525817999
              4372772.1      2.601913074193195    0.01139677738001032      865069.4962542839
              4372772.1     -2.962054226944566    0.01151182872488173      49055.75585636246
              4372772.1       2.55701866314863    0.01151981933299097      839089.8391137097
              4372772.1     -1.732916007405684    0.01267125022185389      710.8002695826668
              4372772.1    0.09611440801972748    0.01153754884456714      76820.64413935941
              4372772.1     -2.002299992310384    0.01227649515745704      143.8772529629744
              4372772.1     -1.506416302995365    0.01196227210262785      2411.049149308289
              4372772.1     -1.781978465536408     0.0120536978979997       424.721364180078
              4372772.1     -1.910126621473888    0.01192989590023731      199.5788553176758
              4372772.1     -1.464255935227445    0.01158357166528925      2834.051710591915
              4372772.1     -1.381353751260149    0.01163668779960928      4842.692050163711
              4372772.1      2.259742998226272    0.01153739213436129      357361.7589540334
              4372772.1     -2.461901155813282    0.01147408277430815      257.1012537582953
              4372772.1      1.252361866129033    0.01151551712122851      563327.4989833781
              4372772.1      1.081296745457886    0.01144349542595114      731142.0448097017
              4372772.1      1.165486885387377    0.01147852918686934      672929.0264019009
              4372772.1     -1.639032865698494    0.01144636476707947      867.0536636119685
              4372772.1    -0.8485402621095739    0.01126984235653485      29890.00110437328
              4372772.1     -2.044960310995945    0.01112300000305172      79.73975812848465
              4372772.1     -2.090362097484109      0.011236117823866      73.67333835336419
              4372772.1     -1.593103745259844    0.01119257270819348      1008.641291852157
              4372772.1    -0.3732619743597383    0.01105532408514573      24065.88510322914
              4372772.1    -0.8869744999218145    0.01080070010525235      23362.30867688634
              4372772.1     -1.678951345787794    0.01086346129476751      518.6975242904689
              4372772.1     -2.691122957017091    0.01145729230856486      2812.850348597807
              4372772.1      1.786791156747976    0.01129775255084357      151022.7104929388
              4372772.1      2.934885524916752    0.01133408845868943      633725.9895482163
              4372772.1     -2.412681572578471    0.01122981813092024      148.8932937516367
              4372772.1     0.3712957513543722    0.01123815658837792      187707.6374017532
              4372772.1      1.433751456871693    0.01109389348154993      307545.3446733946
              4372772.1      1.391410764807274    0.01109434622020433      344329.5917696777
              4372772.1     -2.773075343133905    0.01099416090721415      5870.703700144785
              4372772.1     -2.505650833699045    0.01102139496835696      331.2450116026605
              4372772.1       2.84882045927265    0.01087022062149245      664121.0457322141
              4372772.1      2.806425867441304     0.0109282766502739      743028.7464436401
              4372772.1      2.888353745124921    0.01087610417765797      602174.2072534708
              4372772.1      2.303364986688703    0.01084453816159335      319680.9147824864
              4372772.1     -3.061102117061669    0.01087209295719736      91903.13592797103
              4372772.1      2.344251396867426    0.01072124310850263      343684.7944836358
              4372772.1     0.6193524563294892    0.01081665397756451      362117.5784925867
              4372772.1     0.6621268370786041    0.01085155650561781      416775.2407256183
              4372772.1      1.881679872006608     0.0108313345502633      122785.5017406339
              4372772.1      1.038223472763365    0.01077656977616016      587696.6193349621
              4372772.1      2.382966689060192    0.01072693379980108      389888.9388606838
              4372772.1     -1.188023730517884    0.01060437846905673      9043.272977264513
              4372772.1    -0.9293485208022803    0.01045742419316102      18422.44720235101
              4372772.1    -0.4929877501426176    0.01051809082617162      20664.28716728275
              4372772.1     -1.006526393817798    0.01048957076054081      16216.38332564242
              4372772.1    -0.9648612782592981     0.0104603849911411      16855.86658748896
              4372772.1     -1.554366909021557    0.01051253472916334        986.65234670906
              4372772.1    -0.2950552748311636    0.01049324137035677      19591.37654255032
              4372772.1    -0.4508650801513897    0.01039891681735629      18820.11568391479
              4372772.1     -1.152058694812376    0.01018317616317574      8090.452319590713
              4372772.1     -1.260861517254334    0.01011643930105737      4715.798729894575
              4372772.1     -1.301281766364863    0.01010146514231242      3862.118989554189
              4372772.1     -1.951162474985651    0.01001466816535606      69.78908049080282
              4372772.1     -1.041625287755024   0.009861834267022364      9760.940100346523
              4372772.1      1.920449221557062    0.01046601563437232      104242.5658069822
              4372772.1      1.296650953568279    0.01050738726747732      344370.9381444216
              4372772.1     -3.099704045175044      0.010479283392452      101473.0715038992
              4372772.1      -2.81272654868729    0.01050289822254602      7053.613796063303
              4372772.1      1.743128854456311    0.01031978228141846      99840.63485602691
              4372772.1      1.209830596804967    0.01030240822544661      357439.4059497358
              4372772.1     -2.732647194872647     0.0102096561940509      2473.698273610354
              4372772.1  0.0004898937401478073    0.01019099640060605      29626.66447045418
              4372772.1     0.7663274641279721    0.01019379713708267      355925.0137792059
              4372772.1   -0.03459556999024631    0.01017884853529872      25383.10373210351
              4372772.1      1.957741517038982    0.01013807271041241        85772.678970883
              4372772.1     -2.612954939694072    0.01018380826164567      654.8550246646448
              4372772.1     0.7328201558740882    0.01008994561726429       297475.054758138
              4372772.1     -2.577388332772222    0.01012099587479356       407.837369613893
              4372772.1      1.991699000209815    0.01012679008863627      85110.20974838889
              4372772.1    -0.2223266654679257   0.009905535174730628      14447.26207012796
              4372772.1      1.124110406094594    0.01008630799156187      345808.6711002745
              4372772.1     0.8034414205468003    0.01005484756000022      322147.2557085993
              4372772.1    -0.2593907034335214   0.009903185003425886      13054.60618358629
              4372772.1     -2.267314934303963   0.009961637854602414      34.30223858398696
              4372772.1     0.5818590140229256    0.01004461027255972      190753.4100936204
              4372772.1      2.974597076127527     0.0100035980486097      247703.4035807508
              4372772.1     -2.373921814953363   0.009956554754449643      52.92778962589804
              4372772.1     -2.233016039258026   0.009842288719543069       29.8627116222425
              4372772.1    -0.5292095491389724   0.009819690200318285      13994.41571901911
              4372772.1    -0.3361816090795802   0.009785749636001538      11827.71640174324
              4372772.1    -0.4158979406996767   0.009722334845506237      11705.24167521932
              4372772.1     -1.863027299161008   0.009773291026665623      93.81206055974936
              4372772.1      2.513568541150305   0.009823897414916098      282239.0054475963
              4372772.1      2.481762355002128   0.009756819868589372      241578.9603560744
              4372772.1      1.678002630946709   0.009761462772678741      63097.31871905337
              4372772.1     -2.647403692224853   0.009821699378448213      619.0796641661893
              4372772.1     -2.337771890450512   0.009761542793127728      34.87222687852788
              4372772.1    -0.7348715405007062   0.009777556479095733      14088.53171165224
              4372772.1     -1.829063674599361    0.00973701240808604      108.2136637412542
              4372772.1     -0.189717595295424   0.009732982786150571      11736.25405050844
              4372772.1      1.500827304978575    0.00975970496186861       96024.8655846059
              4372772.1     0.6990661031650751   0.009687005135747384      172990.2235996711
              4372772.1      2.449761050695068   0.009653889318333752      184427.9389893252
              4372772.1      1.647111664989251   0.009651277149857565      56087.71366818616
              4372772.1     0.8950544165512563   0.009659145508480091      213222.6190376669
              4372772.1    -0.6631326649816235   0.009718869514404026      12745.00900691958
              4372772.1     -2.305314036176134   0.009681135404608854      26.29534698325586
              4372772.1      0.865371954435513   0.009569380211003726      178238.5518310303
              4372772.1     -1.113739050895038   0.009627578634732443      6114.265666043914
              4372772.1     -1.080633159631069   0.009661732938528058      6771.688170686486
              4372772.1     -2.128657486068436   0.009642112589823969      24.09551736144678
              4372772.1    -0.7738413413012057   0.009640040869460747      11527.65398841175
              4372772.1    -0.7008404533756692   0.009623257186962204      10939.45290576413
              4372772.1      1.710183619760404   0.009498428915819739      37804.21085663365
              4372772.1     -2.165256108444033   0.009553133483062042      18.23476336726463
              4372772.1     -2.196280548209603   0.009477128309362088      16.83806739308704
              4372772.1      2.217934086749791   0.009425510391537183      50505.36292839521
              4372772.1      2.188860805914072   0.009374620962891477      39515.68023252761
              4372772.1      0.251090076706511   0.009427885251614256      19457.74342481002
              4372772.1     -1.336125584210807   0.009569820817122722      1624.191735680919
              4372772.1      3.062410964876237   0.009361403395538391      46686.96167858271
              4372772.1    -0.8057273246526317   0.009513495202021344      7544.714619795515
              4372772.1     -1.420002471243666   0.009497796585410912      764.6855076940894
              4372772.1    -0.5969371303075267   0.009440497904834979      6498.355347592376
              4372772.1      3.091859749902588   0.009323848437961304      32000.63469185632
              4372772.1     -0.630950142765842   0.009347970262004488      3712.108500534778
              4372772.1     -2.545342419753994   0.009252739042332503      45.68085350622797
              4372772.1      1.614802668285657   0.009253994811548589      15399.69163277841
              4372772.1    -0.1550236086783195   0.009234383211277288      1412.841587438523
              4372772.1    -0.1266706473509062   0.009201709296094688      1593.927964734897
              4372772.1     0.1365743951751487   0.009188859957376729      2242.975849091111
              4372772.1       2.71572599385108   0.009197102083195937      19947.50168185251
              4372772.1     0.5474238803936227   0.009026287671665141      2890.923806742112
              4372772.1   -0.09615205880723034   0.008949967383188314       174.722358951998
              4372772.1     0.1632655949992394   0.008870239270885658      161.7844841545607
              4372772.1     -2.999749928412375   0.008516830813499547      5.435700847989808
              4372772.1     0.1938486263144474   0.008516475819095572      8.474034562898341
              4372772.1      2.420633273293544   0.008516383633177664      42.30362701441907
              4372772.1      0.408348578979262   0.008516323242124972      17.70097597002148
              4372772.1     0.4645574030637416    0.00851628853321941       21.8780536747056
              4372772.1     0.2187681756457556   0.008515301255021136      9.644024101582851
