#! FIELDS time deep.node-0 sigma_deep.node-0 height
#! SET action OPES_METAD_state
#! SET biasfactor       16.03631422818644
#! SET epsilon   3.735422218159802e-08
#! SET kernel_cutoff       5.848558777694301
#! SET compression_threshold                       1
#! SET zed     0.05279795781155271
#! SET sum_weights       16135.88706396689
#! SET sum_weights2       152255.1486786314
#! SET counter  9992
#! SET adaptive_counter  5000000
#! SET sigma0_deep.node-0     0.04027921900044805
#! SET av_cv_deep.node-0     -0.5747379013350379
#! SET av_M2_deep.node-0       711582.4053847599
                  10000     0.8473564370227985    0.03026313151709589      10335.79074766714
                  10000     0.7588355430508198    0.03019637499677486      2025.419884450217
                  10000     0.8058349182409558    0.03094590462549537      7149.757015362075
                  10000     0.8856976255744822    0.02846953829291525      3649.425497985802
                  10000     0.4831313460710647    0.03556013265060982      1.007107393108907
                  10000     0.5553924769558033    0.03367267116638831      3.212646954005859
                  10000     0.3757497605790758    0.03701235643642465     0.2444360951575781
                  10000     0.2351074776070074    0.03426457352203994    0.04826926188157123
                  10000    -0.0443965711536266    0.03708417976938525   0.005925653681678031
                  10000     0.0850784721436834    0.03579307849489563   0.009952732683904855
                  10000    -0.7894147011349978    0.03362369898288541      118.0848997065159
                  10000    -0.8478924651987623    0.03474310772431883      237.0373511726337
                  10000    -0.4993288216561694    0.03792615188328246     0.8162151164924235
                  10000    -0.3986071057017286     0.0364336634089264     0.2331728101533172
                  10000    -0.2465817887477705    0.03801861286491125    0.03251959908754328
                  10000    -0.5761061905933937    0.03444406675371435      1.786600187380411
                  10000     -0.716635335301018    0.03451490524326124       20.3642836501906
                  10000     0.6445947872772216    0.03345510545803142      31.37421145814168
                  10000     0.1627479461539282    0.03424936159575166    0.02281343488073385
                  10000      1.007202306163683    0.02866767503730301       2.34148651333982
                  10000     -0.128825139748459    0.03160158968870273   0.006291335231645542
                  10000      1.089717596222664    0.03057711233395675    0.03366944168568227
                  10000     0.7078084383549857    0.03028611963326057      293.1019144671135
                  10000     0.9251787534185559    0.02775944562530926       565.114424944215
                  10000      1.181394192151569    0.02961924298954506  0.0005812606446800053
                  10000      1.282066612751982    0.03186565721205229  7.750064863372738e-06
                  10000     0.3043227636497286    0.03225330640173291    0.08047333512718161
                  10000    0.02174130169181013    0.03022552128544129   0.005410124098999518
                  10000    -0.3181171529962298    0.03059156265099493    0.04934080586546858
                  10000     0.9651810301434131    0.02784493814865526      40.34536795730618
                  10000    -0.9341921145220036    0.02680038488563814      10.43444496438925
                  10000    -0.8958462570576039     0.0280402394494913      74.04324598871418
                  10000      1.219599947403113    0.02689295480139154   6.77723874343048e-05
                  10000    -0.6442812892634372    0.02974118026805568       3.80551148574006
                  10000    -0.1814753341209685    0.02801754466619338   0.007647984013276982
                  10000      1.138826886515253     0.0270553726448311   0.002828181730356032
                  10000     0.4264296816663428    0.02688080534084834     0.1827860816858626
                  10000    -0.9654959502352548    0.02526043537640346     0.6191021463886464
                  10000     -1.055547113200554    0.02506128922474911  2.873608126877948e-05
                  10000      1.373553514480591    0.02563700235629715  1.717321702611966e-07
                  10000      -1.10028064250946    0.02553534990037804  2.519601723228806e-07
                  10000      1.045206533464779     0.0253037926777521       0.22199317323075
                  10000   -0.09086968261618131    0.02471359658813047    0.00127675609751359
                  10000      1.330099322658655     0.0244685326720424  3.966501442786071e-07
                  10000     0.6002235181979486     0.0250941714500302      1.817646824940842
                  10000    -0.4504206675323804    0.02531874584575759    0.09040854273993047
                  10000    -0.3578435723005584    0.02451906201340674    0.01785244544102866
                  10000     -1.024484395980835    0.02294446572104589  0.0003271690301124848
                  10000     0.5201602578163147     0.0226808849391061   0.007137132566641878
                  10000     -1.000535607337952     0.0226553322005637   0.002437530204128674
                  10000    -0.5374970077220467    0.02283274215061517   0.008674855062282272
                  10000     -0.754021942615509    0.02254169066386636      0.199996692954468
